chromosome	start	end	CLR	iHS	FayWuH	TajimasD	FuLiD	XPEHH
5	33450000	33475000	0.31057775	1.23880184521151	2.55692893546346	-0.130580819336774	0.167051053473145	0
5	33475000	33500000	0.57946625	0.690780747550356	-3.91590679216501	-0.366000794136846	-1.37426577627092	0.034441212143945
5	33500000	33525000	1.74615745833333	0.489515447513672	-3.31834327924813	0.00246904777110577	-1.15589997895758	0.706340215526289
5	33525000	33550000	0.303133458333333	0.803076215144021	-1.24970421897155	1.51992630794675	-0.00468409777560993	0
5	33550000	33575000	0.489355	0.648342446380678	3.85405493120542	0.901787685958748	-1.33121552567097	0
5	33575000	33600000	0.880903375	0.819796285445428	-0.234379268043284	1.25157445486992	0.0713921764408234	0
5	33600000	33625000	1.71447895833333	0.665610033682732	-14.0709463488435	1.3211133842416	1.65505383186516	0
5	33625000	33650000	0.362789625	0.867036832806551	-12.9419422902608	1.0383968426081	0.959047785783168	0.658910208201741
5	33650000	33675000	1.57110991666667	0.71638834098501	-13.6252599315134	0.202989111116073	0.466289205216411	0.288817225466606
5	33675000	33700000	0.614428083333333	0.859177778898462	-50.4924866421211	0.345823578732649	1.21962932565713	0.412031520397334
5	33700000	33725000	0.396527583333333	1.04181282450643	-23.3189351312537	1.23650956660124	0.20918641950066	0.913923089681262
5	33725000	33750000	0.76787675	0.849527461651869	-4.32117751635821	0.72927573249857	-0.130143589554522	0.813010190282449
5	33750000	33775000	0.881874375	0.968668853652822	-6.26566571355321	0.0224179470529072	-2.19600438462176	0.519586791838412
5	33775000	33800000	0.210500041666667	0.947040862373302	-0.0875541530543077	-0.0170658228004207	-2.19600438462176	0.751347678876511
5	33800000	33825000	0.2988515	1.09034101876219	1.25224506034468	2.47245300666565	0.848562310255327	0
5	33825000	33850000	0.99769825	0.805418122264899	-20.7175377416272	-0.846320318566814	-3.86695828986241	0.98877166192698
5	33850000	33875000	0.446203416666667	1.03837720702443	-15.5016858794223	-0.817318879414234	-4.23669612421332	0.497224630641651
5	33875000	33900000	0.82743775	0.608833231008139	-9.69540560739629	-1.12879498968606	-2.26879446899126	1.07500874115685
5	33900000	33925000	3.02402083333333	0.933406589562821	-37.9272240901736	-1.60222241777953	-1.26887518309141	1.65439908976503
5	33925000	33950000	1.44354816666667	0.978922904962155	-32.0190942374086	-1.61415460106618	-3.35417498280161	1.79436451435881
5	33950000	33975000	1.53748329166667	0.848547039119684	-37.8756005906218	-1.93467039737499	-4.22671594596805	2.95727254101771
5	33975000	34000000	0.659402625	0.700089039624628	-12.7018250136161	-0.73177595687881	-2.28267637147636	0.816370451607761
5	34000000	34025000	0.402025458333333	0.858987685343641	-6.82158024139306	0.499669015474432	-1.00007386775787	0.555550338833219
5	34025000	34050000	0.5247295	0.823640543179707	-6.07205024369661	1.11133453252695	-0.626838097708981	1.22270354142899
5	34050000	34075000	0.368615875	0.351293591935906	-8.43009313755883	-0.741845577094708	-4.88105531495123	1.20577119632181
5	34075000	34100000	0.342800958333333	1.26413641253689	-2.25560145904354	0.146836353668973	-3.0626495798158	0
5	34100000	34125000	0.439911875	1.49982522334201	-3.52102334435071	0.996389286244017	-0.707486566216049	0.0796853376520768
5	34125000	34150000	0.900596541666667	1.02351218834913	-4.97431262624858	0.890115347384719	-2.04796645977146	0
5	34150000	34175000	0.701751416666667	0.642034897684733	-1.65716280253657	1.04505067927374	-1.69465983391207	0.478156806770993
5	34175000	34200000	0.602248666666667	0	NA	1.13546906534113	0.978552097216064	NA
5	34200000	34225000	0.831795833333333	0	NA	-0.0616919759632677	0.789150165507064	NA
5	34225000	34250000	0.775804666666667	0	NA	0.162601794309583	0.928784913308251	NA
5	34250000	34275000	0.753659166666667	1.23283870639345	-26.463557088362	-0.573002145536464	1.12719346794265	0
5	34275000	34300000	1.07133508333333	1.12916321150818	-27.4976678535716	-0.0290987003849365	-0.414747504575653	0.512865323506573
5	34300000	34325000	1.18463454166667	0.241277480772208	-17.3733379630969	1.21753839840282	0.496585038601289	0.962599769373066
5	34325000	34350000	0.413094583333333	0.437017384163764	-7.00184473770157	1.96114408409152	1.6171714642916	0.116272882278292
5	34350000	34375000	0.166651166666667	0.5194976120713	-10.9356272709233	2.74819559417688	1.22575935215339	0.649656576102233
5	34375000	34400000	0.665902166666667	0.382259600342754	-23.4632588896587	0.399779404176772	1.13332818713176	1.03290692663426
