scenario	CLR	iHS	FayWuH	TajimasD	FuLiD	XPEHH
neutral	0.278967375	0.442450732577103	-15.6810104352146	-0.591657054595753	0.676033537250571	0.644919300802371
neutral	0.768528791666667	0.543968356547084	2.21824868545693	-0.207410594035119	0.650201266180613	-0.782717887541689
neutral	0.574466791666667	0.442686057726402	3.02457352012471	0.56536175879903	-1.07235879010636	0.331380630776134
neutral	3.244385375	0.646972260236522	3.38245726083372	-0.510753135073489	-0.857018155604162	0.148112509897487
neutral	0.647699083333333	0.358678630843864	7.31757746559514	-1.10690371632978	-0.475713961234222	-0.278422429105971
neutral	1.44110082608696	1.67494193276316	-18.1171298140732	-0.209515286637561	-0.87865083816982	0.852164524883351
neutral	0.745580347826087	1.08561600931392	-6.98260661032335	-0.374917119949283	0.016778035984032	0.678328914520293
neutral	1.92281013043478	0.300885796952572	-4.72139634410317	-0.982445837468533	-2.86531385092811	0.469316626782786
neutral	0.46098675	0.564104491490683	7.88336720800676	-0.210955780644733	-0.933375105431005	-0.423721109019172
neutral	2.26057995833333	0.623286118536717	6.75001721467488	0.00703593526919623	-2.28267637147636	0.0545603678494358
neutral	0.983555458333333	0.891196369045436	-8.68718629757535	0.107109023631514	0.112376124762851	0.148552738517209
neutral	0.856234958333333	0.476290324074831	4.27220929324708	0.576969013077727	0.338015390706237	-1.00878105312057
neutral	0.640027125	1.11107571309983	-11.3854508080403	-0.369536214286091	-0.534895206538163	1.66719130495194
neutral	0.990636875	1.6258061273214	-4.59860772688995	0.324973594889179	-2.0896243526694	-0.259456682234724
neutral	0.5998845	0.708064900909212	-5.71006921567988	0.441586800848797	0.0872767760648228	0.214658156286084
neutral	0.897945208333333	0.566059959657516	6.37055341485112	0.52666907951756	-0.361758401256344	-0.262815192868453
neutral	0.836976041666667	0.874298014720446	0.0270797196331901	-0.0801306854417783	-0.887156919390053	0.578072605118768
neutral	0.715685875	0.800239790020194	-0.812729451564758	-0.00569905620798037	-0.580129012691015	-0.410233372211434
neutral	0.749713583333333	0.769195500689613	1.94260348236046	-0.251610549039681	-1.12135598622644	-0.106025660200765
neutral	1.46480933333333	0.725316094162114	-9.60350051443876	-0.880128985293244	-0.334441096571986	0.729425887683702
neutral	0.334962416666667	0.489754009047299	-9.00884112127027	0.577430077330436	-0.250813361070203	0.11982345710854
neutral	0.645307833333333	0.969708843978949	-3.79374491597673	0.0911852475127124	0.346791243664022	0.0780076776962111
neutral	0.452997666666667	0.582373485453217	-6.40270521406896	0.00951801666507198	-0.92579016676846	-0.00486472705268963
neutral	1.50370347826087	0.721463396743045	6.60390826368161	0.521146477943699	0.144930519993672	-0.493480317936085
neutral	0.561387291666667	1.00897066319797	2.18858333886207	1.49165487119464	-0.323199796111224	0.362456881210781
neutral	0.805991	0.895046536411331	-1.19142764067122	0.510018920715461	0.235142208777467	-0.123055555675899
neutral	0.674498625	0.755742472703397	4.09669319300755	0.88968941165599	0.0666474150595466	-0.384416196642829
neutral	0.813964043478261	0.646037612475202	4.62767637141291	0.508308225646415	0.0729014834177171	0.188665674157129
neutral	0.509173739130435	0.70100077621722	-2.65892302859505	-0.292855496839376	-0.933375105431005	0.574752013671548
neutral	0.986946791666667	0.510466226710255	-2.69201948856911	-0.0968883582344548	0.294526318927469	-0.567861404418186
neutral	0.678372	1.40403953232043	-2.87373086134092	0.645179170892536	-0.0988089731662537	0.345566886708656
neutral	0.896199958333333	0.844885961280662	-5.24127096052374	0.197225241768938	0.0454946066144687	0.0746295580263348
neutral	0.395682041666667	1.17659109813504	-20.879836806726	-0.445928099554384	0.14788561692366	-0.217349953769808
neutral	1.91207308333333	0.694196876595106	4.82199783959429	0.648268669071144	0.0713921764408234	-0.183369232440908
neutral	1.05915716666667	0.551000764715702	-14.665367042225	-0.600316258862611	0.24178712029528	-1.21527783540003
neutral	1.15325845833333	0.982606489361492	-3.8714335647554	-0.708201560035166	-0.547510037714372	0.353478404668581
neutral	1.70941016666667	0.556282714811586	-3.85962424740517	-0.80998194856476	-0.900828788035872	-0.61692017070626
neutral	0.233194791666667	0.463931042329403	-3.68880733357584	1.53799650324602	0.283926974713302	0.59181120123757
neutral	1.63669391666667	0.463351398298451	7.92366354108912	0.970385794995716	0.393157262791541	-0.250978427407976
neutral	0.599245	0.71053424669624	-18.4997913125158	-0.85963675522627	-2.22272930055243	0.553665850124794
neutral	1.1783265	0.605144946123194	8.16735106694902	0.604156132154542	-0.030745504649744	-0.879930112447614
neutral	2.30459679166667	0.645739008469392	0.0168661984925607	-0.851746481475975	-1.70088508546645	0.295185455722885
neutral	0.464901375	1.28238797327414	-10.1702051987315	0.85776943722608	-0.308371938868187	1.86584744874953
neutral	0.7544195	1.33722437384782	-50.0545172101605	-1.71189346366077	0.322446048102815	1.99405710035366
neutral	1.72436008695652	1.02338837087015	7.37747992878597	0.314074881580198	-2.2304063597595	-0.430655203123815
neutral	0.626969166666667	0.531828152323543	2.91218238160958	-0.370979690330635	-0.902584731660688	-0.139354493389805
neutral	1.03846729166667	0.715913824447887	-3.54961968683141	0.227958209170489	-0.547510037714372	0.915091664384229
neutral	0.849621625	1.189637792346	-10.884670133484	-1.55141925773543	-2.33598938946527	1.83535458312738
neutral	1.13196641666667	0.986680840810039	-16.5069467145397	-0.79863425897978	-1.2289364662458	-0.314128659302931
neutral	0.414387125	0.849776154965811	-12.9962756059733	0.0276912604427863	0.185769506831558	0.012095517361272
neutral	0.8468145	0.372905996371071	-2.3856795597176	0.104116790080743	0.440960783804924	-0.135985678073897
neutral	1.365371	0.98339692933515	10.5934462279962	0.387683518809309	-1.88341700352037	-0.40010279073883
neutral	1.04104695833333	0.808155053262	-1.36223461010248	0.0394741154123238	-0.168419153725729	-0.124424845908876
neutral	1.50720029166667	0.666224732069013	-1.75931594556266	-0.369384425695613	-1.46951194977977	0.0615735333051403
neutral	0.389549583333333	0.650475948467163	-45.2244443692583	-0.50146978142123	0.026377256502881	0.786784759912185
neutral	0.7641755	1.14638743669904	-3.19574369611263	1.50850586403731	-0.501833611829874	-0.811004117383583
neutral	0.653506208333333	0.593698226934978	3.84816255699293	-0.645273824339889	-0.353548397230655	0.11953148803473
neutral	0.923343333333333	0.8675769079593	-21.4436678407604	-0.785810296820896	0.127950540359709	0.794594422075104
neutral	0.812742166666667	0.636324169405042	11.1500371613334	0.647634015408683	-1.89042848424012	-0.67573236309549
neutral	1.11861329166667	0.934335119496294	-17.4561185536071	1.03554254751907	0.131061916343548	-1.80121328252328
neutral	1.41608530434783	0.620792088258441	2.53027693417566	-0.87049391977967	-1.28898820404785	0.521674154360506
neutral	0.448933043478261	1.01365745864147	-5.15383637096186	-0.199106442212111	-0.786190789753232	0.326503055478756
neutral	0.575260041666667	1.03930371485402	8.89566904977451	0.384334588148908	0.432942250934139	-0.228074587607631
neutral	1.26932283333333	0.575498861948731	-5.01534995487981	-0.683332974673766	-1.33348733050308	0.513513473385628
neutral	0.397106083333333	0.961340675082864	-3.7781113917919	-0.301364877182058	-0.82174767974199	-0.376141763837713
neutral	0.600369739130435	1.61964660030888	-6.71616537911702	-0.133892241841555	-1.22624539651832	0.578635481305542
neutral	0.971597217391304	0.694886948730811	5.90570319511436	0.327529967698969	-1.01229971660775	-0.0464340339491938
neutral	0.294841583333333	0.78149656715334	1.26259247917057	0.494361161535255	-0.580129012691015	-0.0729065684766355
neutral	0.368446708333333	1.85161068897912	-19.0169360751297	-0.365782577612008	-0.394021008410179	0.265141854236332
neutral	0.83946	0.585972724891368	-2.35516901064235	-0.386659921220996	-3.3214697753347	-0.105294754352463
neutral	0.603445333333333	0.883104815900901	-3.88758387258684	-0.383669262242632	0.0521846166997749	0.57072250709524
neutral	1.50804704166667	0.737135527005926	-8.02295268604257	-0.0955375153331654	-2.27610532588512	1.17687014776901
neutral	1.25243541666667	0.940715863095163	4.55667040771921	0.647401136086213	0.809223452777325	-0.0890205806977717
neutral	0.918533791666667	0.604061101848547	4.47671423587032	1.20942197708561	0.546450777529472	-0.572360767886326
neutral	0.385249347826087	0.561116594867249	4.51856190257346	0.0767148439827176	-0.113149958081491	-0.225589787261011
neutral	0.707961791666667	0.733077625359183	6.6173536681689	0.456451152131297	-0.0366148650453603	-0.395618053963816
neutral	0.592075416666667	0.622105958530963	7.76418873464164	-0.00641147700497982	-2.14261712823168	-0.0691875836448983
neutral	1.74624095833333	0.595602289146919	1.90725457372306	-0.739178266123625	-2.07479291871656	-0.924189235042246
neutral	0.833031	0.667244618308105	1.92714425520499	-0.865562211859792	-1.21403836754376	0.160466869394804
neutral	2.47055375	0.39980202206353	2.4278453373535	-0.657711020335327	-2.23532451496985	0.269437113940264
neutral	0.900642583333333	0.468457169459343	-1.39931385621156	0.89939774756452	-0.0869808993956332	-0.253528549140286
neutral	0.728505291666667	0.825030060611942	-0.795823265297743	1.30488554315179	0.466625791036648	-0.158921653887031
neutral	0.598483791666667	1.19002190641021	-10.7036350742967	-1.64633059393264	-0.359222372932817	1.47244574760266
neutral	0.7258555	0.785369996606877	-10.2013825744645	-0.09187567697675	-0.305121558706311	0.531803368617751
neutral	0.614719083333333	1.21209042545851	1.2641042108008	-0.192623404834593	-1.1362575364367	0.486021027286978
neutral	0.867977916666667	0.853827251731183	-27.2971110267013	-0.774770257243289	-0.73502812308529	0.874696785151274
neutral	1.05356808695652	0.791783335747754	-17.1285067817638	-0.636480395685808	-0.296889844406884	0.928183185650737
neutral	1.849564	0.57739970481441	-2.82802459282557	-0.622418561938091	-0.822455817842032	0.587343845514773
neutral	0.813261291666667	0.603190700027349	4.56144388191499	1.02769687636754	-0.274130176876582	0.0915191274824089
neutral	0.440592458333333	0.359200237783816	-2.54495549657728	1.44364016153891	0.602000753698274	-0.459677515505624
neutral	0.525475541666667	0.526569307838011	-10.394326458836	-0.587970737626416	-1.15589997895758	0.283558966356369
neutral	1.55721908333333	0.513235002780577	6.62944641372012	0.152821473420462	-1.45152175419875	-0.640124532496179
neutral	0.965767708333333	0.585815417728181	0.295614263741357	0.662175600400951	-0.71235947240511	0.00375476877437733
neutral	0.347366208333333	0.60900671029727	5.03461784112177	1.28337770512578	-0.175750866956123	-0.525350592816281
neutral	0.390335333333333	0.669775408362568	-13.5722741617302	0.245863746525726	-0.234606253689574	-0.257828751791248
neutral	0.715239458333333	1.03446074230001	-10.3257719730577	-0.623296017939296	0.321111373245133	-0.758898657844
neutral	0.578019291666667	0.917593926260048	4.96126496644217	-0.0682638273997738	-0.616047495412481	0.571117969795161
neutral	1.85598654166667	0.622224977314408	10.9950971176225	0.731489899795289	-0.616047495412481	-0.24865843043781
neutral	0.470064260869565	1.32029120029536	-42.9010988791018	-0.523878989728428	1.01463321064245	0.461411030127607
neutral	0.976509875	0.744714883386379	0.504594547366185	-0.307898274606248	-0.0982242851173546	0.0443794242168533
ancient_complete	7.89614033333333	1.28904136439727	1.68982140420815	-2.46946704953867	-5.64621834302523	3.536378941077
ancient_complete	3.78530941666667	0.850323833415697	0.849803506478974	-2.38953054090093	-5.19279078745865	4.78493457469211
ancient_complete	5.188225125	0.784693273970995	0.444796313068687	-2.48723357826807	-5.06980686346624	4.02087071130372
ancient_complete	3.615989875	1.46679991961922	-2.57562528629198	-1.90630932468491	-2.13460021472671	4.82153986113364
ancient_complete	0.362437583333333	1.22479074225717	-22.2658545030875	-2.49915605517329	-5.79831549417137	3.38784484170291
ancient_complete	6.75168391304348	0.956832728247354	-9.9495001410693	-2.54947333674532	-2.48852950563449	3.35433483241157
ancient_complete	10.0048984347826	0.824339608320136	1.47970753710472	-2.22871772801687	-3.93048008427472	3.2849434534237
ancient_complete	18.9642160416667	0.796893712883747	1.40957177799336	-2.33395972099563	-4.42868469257119	3.18861415475251
ancient_complete	5.46405795833333	1.06063828611915	-8.02909854863898	-2.27339950483855	-3.67142162419004	3.26918847122633
ancient_complete	0.785470041666667	1.89012853529139	-32.3418726617755	-2.37569954209239	-3.55888666161885	6.27720591325911
ancient_complete	10.113078173913	2.00451595969323	1.38033903973039	-2.41190490164908	-3.9857478186261	4.13088027843517
ancient_complete	18.5318050416667	1.16549040486197	1.08764344827932	-2.58686440361577	-6.30929053295149	4.80556687876229
ancient_complete	10.9098237916667	1.40844739037526	1.32608017568284	-2.43967893321261	-4.60114664449963	4.19138715053847
ancient_complete	8.767287375	1.09625789170158	1.49788670396519	-2.04467860425838	-3.80900361361893	2.61969200002211
ancient_complete	3.75617566666667	0.797994289762853	1.63226086859539	-2.45474122342072	-4.68839824725623	3.34828986379194
ancient_complete	10.3057933333333	1.6370499956806	0.746218457597211	-1.84885505464767	-3.04157366431136	3.00397409707722
ancient_complete	26.692104125	1.79410942498258	0.906488920657787	-2.52442458559618	-5.36683969443135	5.34547710473107
ancient_complete	3.31300141666667	1.11495491133084	0.476475474758655	-2.23085020229515	-3.57848100034108	3.12306056953431
ancient_complete	11.2205904166667	1.62957004608311	1.32202271640017	-2.43381966634527	-3.8018160791111	4.05369385320421
ancient_complete	3.27428804166667	1.45469023555735	1.33247472317451	-2.49398022223043	-4.03781433561225	3.5025514345785
ancient_complete	3.62245504166667	1.35964584472826	1.03636807383462	-2.36878218700125	-4.46420144504221	4.00071222173971
ancient_complete	3.52810708333333	2.33862833082012	-23.581920413573	-2.48431620827715	-2.49794347714614	3.83709253190777
ancient_complete	1.37150004166667	1.67726411680054	0.687464515703174	-2.45618878165697	-5.17793666332004	5.39061880599047
ancient_complete	59.6250196666667	1.31640989461936	1.21760222843741	-2.50240698196037	-5.36683969443135	3.85166490049838
ancient_complete	9.82444726086957	1.00318040951221	1.42823324627414	-2.44859168319088	-3.33333455157328	3.32326371160844
ancient_complete	11.0200997826087	1.2978540046744	-6.69174089537729	-1.9463270942647	-3.22473075650975	2.60829298042528
ancient_complete	20.7628269583333	1.26988440328209	-6.68358617260173	-2.24390011302186	-2.27446754278357	2.72608717912671
ancient_complete	26.8207015833333	1.31844004880781	1.14894333312527	-2.46407651183865	-3.53958423440125	4.1791933824594
ancient_complete	1.54007583333333	1.1795715456434	-8.21771171819974	-2.1790473880241	-3.17692026057094	3.65827641895045
ancient_complete	1.04335279166667	1.27559141856632	-9.90948242297876	-1.54653694380296	-0.80368788305323	2.23947524810058
ancient_complete	0.308456833333333	1.94203210798842	0.340515099750816	-2.15204227790256	-3.09277698510549	3.16659251976298
ancient_complete	6.1368285	1.40561404187354	-9.08096072559263	-2.11603154292665	-2.66556154679659	2.74822781725834
ancient_complete	2.0129162173913	0.755037755055806	-3.96475561008307	-1.53628234000868	-2.46856375342594	1.5618226010976
ancient_complete	2.79388841666667	1.45788011541419	-3.52101840578861	-2.3302835884286	-3.5993956272329	5.06337558431849
ancient_complete	11.49497975	1.79082896615267	1.70481816293002	-2.38198096447315	-4.79213898788285	4.27390075677608
ancient_complete	63.9567383333333	1.2369798741582	1.10868671009075	-2.32216299358619	-4.42573509422946	3.54047273903663
ancient_complete	14.9010268333333	1.50864601394024	1.30491756684578	-2.31629263463913	-4.01029470203587	3.96345311674592
ancient_complete	9.88029808333333	1.16315761888301	1.44959469249633	-2.46569168346941	-4.66062229719421	3.23364294594162
ancient_complete	9.42554483333333	0.968322697342921	-9.20368951931042	-1.73170633325693	-1.99497467220089	2.22935201069176
ancient_complete	4.66020525	1.66501897612618	-2.58206954770151	-2.21595416141769	-3.74093915095951	3.8297828334448
ancient_complete	8.899672	1.17007748489605	1.07368100341049	-2.40854905481945	-5.73752258329206	4.07801060392139
ancient_complete	52.046779125	1.34003612819174	0.92458851751855	-2.50543510006174	-3.80900361361893	4.55739032775151
ancient_complete	7.51307729166667	1.78877576463782	1.34096754245745	-2.57522671314538	-6.07579480590015	3.72618635491351
ancient_complete	9.30783208333333	2.33487877165812	-17.856769847941	-2.04286611867685	-1.528893771328	4.70075511475861
ancient_complete	25.150415375	1.5824779375863	1.05275707975629	-2.41628874493837	-6.23063116783843	4.924083606423
ancient_complete	4.060257	1.42874151380322	-5.09693699538801	-2.34639578994774	-3.08749515862051	3.97185354204378
ancient_complete	9.44876675	1.57419783393782	1.20285409232094	-2.44625631672408	-4.16325474235781	4.19848633666404
ancient_complete	4.49060713043478	1.50617706062316	-11.2244245003334	-1.29541709182241	-2.18244037712855	2.65090832033497
ancient_complete	6.70610391666667	1.46867855035632	1.42990393757661	-2.27236345964483	-4.42868469257119	2.75566981805198
ancient_complete	54.252295125	0.80907109690909	0.921923302142174	-2.42969097650229	-3.38089449077559	3.8112743735733
ancient_complete	7.99041083333333	1.21059449805826	1.49478388152914	-2.17712170109679	-3.00792986498514	3.21946501924799
ancient_complete	5.51974108333333	0.799968661076621	-14.2646711979057	-1.47616888180828	-3.24765830825575	1.7579961701347
ancient_complete	14.6848319130435	1.36652821263538	-4.40332145221213	-2.45315009079776	-1.4899660749565	4.51437765953938
ancient_complete	7.14485829166667	0.884293643271255	0.457500744950644	-2.26783224161524	-4.86012101046519	3.07769983245701
ancient_complete	0.33177	1.91822690860524	-28.311153315062	-2.4916868644196	-2.73915958637387	5.18492398455544
ancient_complete	2.86882758333333	1.45237911202694	1.25280183729201	-2.48196834338396	-6.04353316911086	3.48492218424806
ancient_complete	15.2328800833333	1.52384958950229	-1.90168572753038	-2.40512435790086	-4.38997775051242	3.56221316197768
ancient_complete	5.01547245833333	0.846067368873326	1.34012223468364	-2.54234637079858	-4.79213898788285	4.43152042115416
ancient_complete	5.36439454166667	1.44240486617104	-1.4934314829505	-2.34003213682655	-2.53682279964838	3.84786373457645
ancient_complete	1.40514775	0.635884569044166	-3.2599472488577	-2.15907555532946	-2.95451858087989	2.22819865091265
ancient_complete	6.650779125	1.42221768644747	1.549390833778	-2.31379052532025	-4.47982031787621	3.93410818758615
ancient_complete	10.1338057083333	1.33644869251145	-0.540997513301776	-2.45743835869211	-2.36598126026736	4.00247493377208
ancient_complete	0.908646125	1.39825694517073	-25.9971957802427	-2.50372850290319	-4.20861721335902	3.88393101684706
ancient_complete	17.6683430833333	1.47522281969164	1.19882642365911	-2.46347399210702	-4.25155659245241	3.84845748593921
ancient_complete	37.3429203333333	1.52205787351289	-4.43542340573488	-2.38875086433766	-2.18244037712855	3.22010749945983
ancient_complete	18.6681307083333	1.23722838937625	0.874277709701709	-2.35469881066034	-3.89133865916204	3.95649491604449
ancient_complete	6.08207475	1.46534136393598	-9.32842741068782	-2.48607430050135	-5.09777481254672	3.31068162666963
ancient_complete	1.073297	0.775427625910751	0.560529035327442	-1.86983569068003	-3.22647164911493	2.92683985684023
ancient_complete	10.2218687916667	1.25542651819996	1.43861567548763	-2.25114094890944	-3.20747972133168	4.27255271563952
ancient_complete	6.93508247826087	1.39539018790036	0.883297663465061	-2.43648058694891	-3.93048008427472	3.12743338766785
ancient_complete	0.539505708333333	1.0684782954683	-2.46578494351651	-1.07027475984105	-2.48852950563449	1.1962935238006
ancient_complete	17.2351999166667	1.7831055405815	1.01312209981637	-2.508145826676	-4.88868876300156	3.09077992434771
ancient_complete	12.1746977826087	1.21312920139246	1.07439700994332	-2.37451753342338	-3.5993956272329	4.00705719551077
ancient_complete	6.90469104166667	1.0136681377042	1.6704090958938	-2.54482148170026	-4.47982031787621	2.79381829910889
ancient_complete	21.3262526086957	0.969944460173697	1.40104410729866	-2.38567127493034	-4.29344723156286	3.05817711144286
ancient_complete	7.63046920833333	1.60685783833074	1.41534479847033	-2.42745084319705	-4.13343962379866	3.17076077543726
ancient_complete	1.09385691666667	1.39701879740932	-16.3470738981609	-1.41605578971851	-1.19000515690038	1.69114791724247
ancient_complete	0.578094208333333	0.668314420588949	-13.4487593772528	-1.82575454667255	-3.38491725633172	2.71110771010118
ancient_complete	9.87497283333333	1.24440821282909	1.54454769357557	-2.30537358258141	-3.5993956272329	3.26770784167303
ancient_complete	58.10740975	1.11581611840413	1.31466348664743	-2.49624667163516	-6.13964370918345	3.53311421897637
ancient_complete	0.85446525	1.08315850739028	-6.23809865599678	0.0891544413114162	-0.502760556057364	0.340750190193471
ancient_complete	71.3976187083333	1.75991116828112	1.01711491226784	-2.4342621790913	-4.56928587009261	3.64767634195484
ancient_complete	9.50067470833333	1.43528444200629	-2.42820346436722	-2.38489998593884	-2.42521643977922	4.22495091741551
ancient_complete	2.02226979166667	1.25043064019999	-9.44283230564555	-0.8655599088412	-1.66290568784934	1.86246791285695
ancient_complete	15.275380625	1.35256662174246	-0.786395514170385	-2.26059208929496	-2.5480788521909	4.13074980609621
ancient_complete	0.274804086956522	1.822933108109	1.02550838598411	-2.46646923230425	-4.46420144504221	3.87290705866684
ancient_complete	46.3528865	0.849953943260963	1.18916008479168	-2.36133611198246	-4.10309912695334	3.9427419510591
ancient_complete	9.522885	1.46218758762553	1.92738295613068	-2.35653996568898	-4.03781433561225	3.11027861882045
ancient_complete	5.89982783333333	1.4902679991677	1.15492515537517	-2.38905290799889	-3.73873645456646	3.96613316729959
ancient_complete	24.888928875	1.22144807102739	1.1833524055657	-2.33420685565475	-2.89269918642668	3.16176942273571
ancient_complete	18.4178784583333	1.31596862923135	0.860265495455789	-2.38477366977435	-4.01029470203587	4.43867091667218
ancient_complete	8.22691656521739	0.87172179988732	1.07410374878822	-2.30997786852024	-2.09948492553033	3.87426837549147
ancient_complete	10.9424687083333	1.59712435269516	0.569300347119012	-2.35561289951775	-4.01029470203587	4.90460073711083
ancient_complete	3.16900895833333	1.03957632833042	-0.618209060491208	-2.39687170468822	-4.74040032933727	2.48799894194338
ancient_complete	6.50515095652174	2.17261956860043	-6.67284574914604	-2.37882280321315	-3.86107070198833	4.18699599263143
ancient_complete	5.68835539130435	1.62323780114816	-8.52886483816992	-1.82220234822254	-2.31418112299899	3.21305261791323
ancient_complete	14.724419125	1.2769805116707	2.04540791640115	-2.33631566875051	-4.01922633158981	3.20827692195628
ancient_complete	0.129819260869565	1.97134652685505	-8.04188768210129	-0.347003553653875	-0.764492438674541	2.15123282284219
ancient_complete	15.9060036086957	0.997806514120361	0.982666120185421	-2.40846372638788	-4.92843988957045	3.74590665850876
ancient_complete	0.820516166666667	1.05030717398301	-22.7827559870459	0.230319671624727	-0.748365492272114	2.0758451736891
recent_complete	2.81229229166667	2.82307159107519	-23.1836060859828	-2.69873782411046	-7.81575372296864	4.87623862340773
recent_complete	0.851861791666667	0.654696291059608	-11.6948138156003	-2.40648219928106	-3.85931079820157	5.10766613022672
recent_complete	5.14436254166667	1.13096534429802	0.514027080376345	-2.61814624328351	-6.69242984772677	5.29455561528235
recent_complete	33.5676775416667	1.33950351277868	0.773427391619607	-2.36459145249773	-6.24770901103195	3.682652636899
recent_complete	17.4596165833333	2.21999961169788	-0.144995366394663	-2.62450689778876	-7.07021230664299	8.30347165605207
recent_complete	NA	2.26578244440255	-4.95266283741786	-2.68370203579941	-7.37044136093051	5.21803842369905
recent_complete	4.92243883333333	1.14816029778799	0.981870507737213	-2.45598210829577	-6.48570322754631	4.74680955152079
recent_complete	0.61592575	1.66281719347587	-1.15045507946566	-2.55416312675227	-5.08389987514476	4.58688684992018
recent_complete	17.583210125	1.24045854776437	-17.2065836072674	-2.29367435368399	-3.44406396630678	3.16971449581748
recent_complete	3.60975166666667	1.40030603478201	-5.11385816958955	-2.39697154370788	-4.56771719548491	4.48605689238775
recent_complete	16.34832725	1.92569154891201	-0.740569899443896	-2.61093482175676	-5.54750839930883	6.47302201177708
recent_complete	1.67093475	1.60517964300937	-9.03262895007524	-2.47433762371753	-5.52424488330992	5.36465757609135
recent_complete	15.7858048333333	1.51162606324182	0.123564184853555	-2.42137445351392	-4.73922373453719	5.10528763175943
recent_complete	13.290446875	1.95619627984325	-2.35408985911702	-2.51267493404694	-6.68727984902275	5.64128731395233
recent_complete	40.0466334782609	1.97349931431586	0.529501194886022	-2.5457253239122	-5.8196624556611	5.30827069401807
recent_complete	1.75966365217391	2.14234573084083	-27.3644871075607	-2.13656701251875	-2.23561463289547	5.02069613504871
recent_complete	39.7641048333333	1.77175195867234	-0.442782575761903	-2.43501776569965	-3.9891883787673	4.05760283921874
recent_complete	0.851287416666667	1.97179577845234	-4.08994086533344	-1.38618884931893	-1.72978488741741	1.51764343075285
recent_complete	0.462431791666667	3.14325796954448	-12.9297946386123	-2.75533047258787	-4.79464863140604	6.17416537712897
recent_complete	6.67024083333333	1.42406002595793	-2.60180010731301	-2.58268261721869	-7.55543323242553	5.65711159268417
recent_complete	30.3229912083333	1.06094995908304	-0.884133118778176	-2.51431003709181	-4.46420144504221	4.6735110627092
recent_complete	35.72311975	2.85124329863572	-10.166655214221	-2.7135604785933	-7.81575372296864	5.33575447133223
recent_complete	11.5091710869565	2.06259635307926	-7.05767004198749	-2.64167410413713	-8.07522462593095	5.4556547378831
recent_complete	49.1918734166667	1.90025929522266	0.803023123780615	-2.43646788304414	-5.1813000120619	3.71341644635074
recent_complete	0.742858166666667	1.99553996463496	-25.8668791059916	-2.35318015642622	-3.44406396630678	6.10996303687818
recent_complete	15.3606178333333	1.56729941190127	-9.2705088089532	-2.38100092251037	-3.61107719136576	4.31952872809016
recent_complete	4.65522845833333	1.95568567149613	0.378459466665179	-2.67526803438682	-6.99494293429624	7.11382742330919
recent_complete	4.19959608333333	0.446248723234367	-2.96235899884009	0.706675611145859	-1.77115619778254	1.65325068179768
recent_complete	3.96251166666667	1.85056623693718	-11.8087017499255	-2.55556775465013	-3.80900361361893	5.12636234797455
recent_complete	36.4548793333333	1.57747724522161	0.828680841458736	-2.47420052942546	-3.9891883787673	4.71697027803928
recent_complete	25.307637375	1.72835229559321	0.508537539904689	-2.21194531663191	-3.92566611871249	3.94925705356204
recent_complete	5.79296917391304	1.74654668894411	-21.9705035786546	-2.68816173246576	-3.31387338279576	5.22901931740358
recent_complete	20.3732935833333	1.90159689286169	-1.54836655176169	-2.4989173020571	-3.09277698510549	5.60281440201059
recent_complete	6.7007955	1.66584800744183	0.112933203122629	-2.26723175090749	-3.44059464172794	4.57251039022027
recent_complete	0.802184875	1.23858448567437	12.0387844602675	-0.490624346949413	-2.39380029895191	-0.577224484427837
recent_complete	31.6599676666667	2.54222639236847	-19.0474865484212	-2.22872180368448	-5.44335318975827	3.38913559456953
recent_complete	21.20738225	1.53859826287696	-1.10285426615342	-2.50984955115315	-5.83194429624668	5.30978964250269
recent_complete	3.20408495833333	1.40644164809609	-2.31166037809845	-2.15307717373365	-4.86800228667956	4.48668996110793
recent_complete	8.96824675	2.44453549595152	-19.8884194082978	-2.4230231329932	-6.42117983012258	4.92911074618365
recent_complete	40.237375125	1.26665931037063	-1.6123714363683	-2.53915083952557	-6.26971303548658	4.68265010373603
recent_complete	2.20815279166667	1.48425998817487	-14.8037194560536	-2.56475284153585	-6.86062936509702	3.37835376972007
recent_complete	5.61889704166667	1.0188615263184	-10.2495948112405	-2.22771667681576	-4.11525038584115	3.70931658606223
recent_complete	3.435095625	2.16372633815164	-11.2293969573138	-2.67860775949878	-5.88961744750963	5.46934145488087
recent_complete	0.399098208333333	1.68168023562704	-11.1850828764893	-1.15028684740482	-1.75871618476369	4.51056226657588
recent_complete	4.36729491666667	1.88849023068637	-3.39869724867532	-2.41849043910236	-3.32116494702999	4.38197460295927
recent_complete	0.583955666666667	1.18155805422428	-2.06533244395339	-2.29734527290941	-2.8997312100303	4.67820094943647
recent_complete	5.79861925	1.40825049057844	0.0131669665305123	-2.61064262292086	-4.30609206803913	5.47852029624203
recent_complete	10.3144590833333	2.07399580295027	-1.49633540049089	-2.57796820411761	-6.31464738881055	4.46360816713558
recent_complete	36.2479054166667	1.09524829256224	-11.4903884523701	-2.49276149176614	-3.67017017639703	4.63666223123979
recent_complete	4.18630279166667	1.09908710820596	-0.400696206301629	0.732224336070085	-0.7181253964613	2.8909794602199
recent_complete	18.2850640416667	2.44006975040249	0.574053950197315	-2.48568633946365	-5.179180202705	5.18498338290157
recent_complete	1.13827129166667	1.50958541632235	-51.4736862984029	-2.49197466746564	-2.65788140666527	4.43629166607382
recent_complete	9.93576595833333	1.56699124396399	-1.05566114284112	-2.41533669008182	-3.67942967880684	5.37459591878176
recent_complete	39.0027447083333	1.76054801994805	0.662801403072954	-2.52826171634195	-5.8846843743785	6.25165737735539
recent_complete	1.07032541666667	0.85768056681697	-3.30016428560033	-1.08799053772638	-2.47046136417231	0.0435182911818904
recent_complete	9.54668329166667	1.70894536466063	-0.709780792779988	-2.52765942449183	-5.59377666376729	5.83975035452123
recent_complete	7.96614466666667	1.66990353276442	-1.82955102962196	-2.58832629369766	-4.50089720053879	4.57168875661328
recent_complete	5.51363030434783	1.92692380333037	-4.40200888561857	-2.53137007496945	-6.19272864019308	6.22122720131137
recent_complete	11.8810876666667	0.939424074385726	0.733290170624382	-2.55696655360552	-4.88868876300156	5.25534830102258
recent_complete	3.7710515	2.26847355189517	-8.99229287261597	-2.53992168978998	-4.76762282309676	5.20657704678083
recent_complete	9.69373316666667	2.00910062314322	0.614111599336929	-2.58748564507906	-6.69242984772677	5.39757114061389
recent_complete	1.783517	1.85909238654623	-11.5284968440289	-2.07341905421596	-4.44621728283564	3.55095847538209
recent_complete	33.2294917083333	1.92664070394436	0.388205338115781	-2.6782374860293	-8.6609255477847	6.09096318265538
recent_complete	1.26472770833333	2.62449201442139	-31.0117650371233	-2.56430455098525	-6.13187987396416	4.21705434018987
recent_complete	3.10817283333333	1.24743756544789	0.0883098910355987	-2.22286273606336	-3.24604740682979	4.96286677906123
recent_complete	3.890760625	1.42104177828372	-2.26996175141115	-2.53286107752957	-3.80900361361893	5.29691037987123
recent_complete	5.79767375	1.6670309308033	-0.330088069599173	-2.43058757390708	-4.42573509422946	4.32482283197199
recent_complete	30.158941625	1.83803437078337	-12.6366666579728	-2.5525655415409	-5.53221131281872	5.864769271131
recent_complete	3.42397241666667	1.85101919595479	0.656396908931282	-2.58776118362685	-5.93686492989433	5.60811826786372
recent_complete	0.400394652173913	1.04887803854714	-9.50536519640226	-2.01491641234449	-4.15342151281538	3.52683686010811
recent_complete	16.3155879166667	2.52316308255953	-7.74899322779424	-2.02973688107689	-5.20010679974914	5.0680631202047
recent_complete	7.66216108333333	1.23094541683465	0.0358410346125397	-2.42390903285645	-5.40818545486004	4.57704226908483
recent_complete	1.71970066666667	2.04357207433975	-5.0695789871836	-2.77947243716541	-8.63319104262152	6.71855760260733
recent_complete	4.88612670833333	1.44767854071635	-2.59491825499289	-2.49797938037262	-5.380222917839	5.6349348492624
recent_complete	5.52414145833333	1.49602224335034	0.0163243567344296	-2.56150980980998	-5.97043551968854	4.86604778383183
recent_complete	12.5825339166667	1.53633629271074	0.575600374931623	-2.46760261854028	-4.95554923675789	4.62179612663901
recent_complete	7.69706545833333	1.87368957306757	-14.1590175775387	-2.37004956897615	-3.9891883787673	4.39993437856622
recent_complete	3.86545341666667	1.22396747288682	0.00270491443361259	-2.59272962730574	-6.14630027612501	4.01766006565971
recent_complete	1.176185625	1.98154662173321	-28.1823081680304	-2.71175825450552	-5.28835736421775	4.29784476423219
recent_complete	0.551043416666667	0.946149211180554	-6.50000012112269	-2.23699975710581	-6.38160307488936	4.01022241357193
recent_complete	21.4858595	1.65024784487653	0.800556892625334	-2.4602760794308	-3.59293895058305	5.06553173353105
recent_complete	9.61438329166667	2.55425316942439	-1.73741741194422	-2.58051559799017	-6.31464738881055	6.94697285054907
recent_complete	3.53619283333333	2.21796189651988	-11.99686743928	-2.32498996436263	-4.79213898788285	3.2981057586512
recent_complete	1.97648195833333	1.63966344702981	-1.0764258949991	-2.43443128532868	-5.02691393557336	5.20712871755329
recent_complete	19.97337475	1.72059103663064	-9.58015027443521	-2.67453260978044	-7.52892359335278	4.98050145628982
recent_complete	1.31964145833333	2.08146868906757	0.631415636543877	-1.99129412902671	-3.37121684360686	3.4582443278268
recent_complete	18.1588706666667	1.81043011437546	0.381761163880824	-2.44644378152208	-6.118186783936	5.73210737857526
recent_complete	4.2609222173913	2.02121099750386	-1.77399439958755	-2.62106220408609	-5.3657870134192	5.51028865220178
recent_complete	3.19307791666667	1.58646093240415	-0.428899686933061	-2.55786529143774	-5.78647577901604	6.26359182043137
recent_complete	7.83721758333333	1.69302709061328	-2.3208394280097	-2.65831760901052	-6.53307407048126	5.76220510617915
recent_complete	3.99056154166667	2.07157809605358	0.501894463086245	-2.29724192997345	-4.47036158887997	4.68172234369211
recent_complete	0.149622916666667	2.15384039040482	-33.4366669586775	-2.40875420850237	-3.40565145974033	5.191395565381
recent_complete	23.1336539565217	1.80435911700215	0.101118735977089	-2.46633003719389	-4.16146433430787	4.73562940140369
recent_complete	2.69015091304348	1.92978756494312	-42.1057927319379	-2.06571865113386	-0.619699488957992	4.36120898627232
recent_complete	0.565248291666667	1.4540140038337	-14.634975828165	-2.25801904836804	-3.93048008427472	5.15607178662274
recent_complete	5.59157539130435	1.83628658485892	-3.07919053155235	-2.47620692460064	-4.97397005666196	5.4495414925243
recent_complete	6.86321282608696	1.62788857381101	0.576758914199026	-2.46476157036516	-6.07283317005468	5.68411424252564
recent_complete	15.6595924583333	3.71785128465966	-36.2950027948053	-2.79307012160991	-7.62875531366133	5.0020970743263
recent_complete	34.5589065833333	1.54936357417095	0.731534916124002	-2.57013447849204	-5.83194429624668	4.60379359600606
recent_complete	4.54973591666667	1.80954851274979	-0.0987320785831444	-2.38774116803263	-4.70243652952866	5.44600527269764
ancient_incomplete	0.346105833333333	1.86729783095561	-43.2316744448121	-1.64769345986547	-0.956542404825325	2.40692464955447
ancient_incomplete	3.33207754166667	2.22000269486053	-11.3968674057609	-1.6639783224824	-2.61459195304798	2.10367998992049
ancient_incomplete	1.15414008333333	0.767382935432641	-12.1723632688807	-0.328869322022302	-0.0975590745798329	2.36969559339537
ancient_incomplete	3.00027658333333	2.4606154637969	-21.8613296757352	-1.68075755218622	-2.1148404776533	2.43043727299074
ancient_incomplete	8.09660095833333	1.86291758911148	-34.6796880065304	-2.45974122555311	-6.5013933142488	2.83325271747557
ancient_incomplete	0.685776708333333	0.982989593223996	-27.7872609643147	-0.52417010587653	0.0464803938075727	1.69405006295674
ancient_incomplete	5.92762070833333	2.04300957425666	-30.8889662289443	-1.84524176647499	-0.97811480956241	2.80397880977175
ancient_incomplete	1.871563625	1.60756594075314	-10.7395057608112	-1.96579745408478	-2.65788140666527	2.80645750336146
ancient_incomplete	0.33364975	0.541704528325166	-49.6780865973458	-0.985819327270366	0.645544908939011	2.08266103716861
ancient_incomplete	0.408703782608696	1.57490864272974	-31.0834467515179	-1.78040681820723	0.583807980053855	3.29300535739912
ancient_incomplete	0.2811895	1.05720400720743	-5.4298642948922	-1.62050289622805	-1.2874314462181	3.08981741489196
ancient_incomplete	0.667137333333333	1.94704742148687	-11.7076227374712	-1.69575273923016	-2.91634024910988	3.32344827358358
ancient_incomplete	1.017659875	2.15727313881801	-18.6586446112911	-0.0421079318750463	0.232277709784884	1.69594616274494
ancient_incomplete	0.481018	2.21389347617446	-28.7392271731976	-2.41648612796933	-0.83170015742144	2.80340136652576
ancient_incomplete	1.44853454166667	1.58730722675386	-4.72449917352703	-0.579609067864739	-1.83962819476441	1.99950553762533
ancient_incomplete	0.829136291666667	1.6404143670618	-47.1678982229502	-1.62472935505709	-0.665831603396532	2.16119033659689
ancient_incomplete	0.726424541666667	1.27313642790188	-5.14118651018726	-1.47672849988571	-2.89228765129719	1.62664679635849
ancient_incomplete	0.515482130434783	1.73705579529716	-27.1983293333035	-0.964329012625907	-2.80221139022145	1.92795288758007
ancient_incomplete	1.05410254166667	1.65819984345357	-25.9869723463236	-1.63634692608233	-0.733755363620723	2.64355841017681
ancient_incomplete	2.83443016666667	1.65445039582648	-5.92205267879129	-2.3426223876146	-4.43604288878242	3.8429313774185
ancient_incomplete	0.579441208333333	1.20649961565131	-33.7817962696985	-1.59601509179924	-0.568324710745463	3.07491184474114
ancient_incomplete	0.615303625	1.1183251734032	-32.951678091812	-0.960761189075561	-1.09804035879089	1.90956503465179
ancient_incomplete	0.907031304347826	1.3592395209442	-32.4180399448328	-0.973947023375716	-1.14596448291175	2.20243090937485
ancient_incomplete	2.06570654166667	0.767241937965045	-1.69881159205009	-1.41529276869101	-2.29621640437808	2.80503960503835
ancient_incomplete	0.625821625	1.00566230130057	-10.0950127797904	-0.661592905320743	-1.18512283649248	0.996573530167075
ancient_incomplete	0.450466166666667	1.57779932455783	-17.7309133594228	-0.15360358839117	-1.16162895639465	2.38818180613932
ancient_incomplete	1.26320954166667	0.783449233384642	-11.5556662640812	-0.0133809741543511	0.60360903812299	1.17118723552131
ancient_incomplete	0.579257333333333	1.31910750948545	-43.3604696265844	-1.65209501938074	-0.564329119777127	3.02226521007167
ancient_incomplete	0.288144217391304	0.730372488296466	-29.8578092035789	-2.04393387370597	-1.16700967077378	2.30757727821723
ancient_incomplete	3.60933020833333	1.58299228811657	-2.39867740665289	-2.19175681046276	-4.30609206803913	3.6151112340669
ancient_incomplete	0.7794405	0.727177980949694	2.39228284658745	1.32650313542686	0.80785896770448	-0.287937831269574
ancient_incomplete	0.318429916666667	1.67171377429287	-49.9068176472179	-2.23927884018405	0.37881118977965	4.49509580176946
ancient_incomplete	4.02095286956522	0.891493974876256	-13.7435234482722	-2.07689615434759	-2.09340857996993	2.80156896314301
ancient_incomplete	0.514425583333333	1.71743718796457	-19.6110785010456	-1.51980257414144	-2.29209242562286	3.92414237281091
ancient_incomplete	3.27521575	1.60936704175287	-13.8459799163576	-2.34504780528432	-3.60016870239202	3.23991321226593
ancient_incomplete	2.22251358333333	1.0259653660389	-11.4598777381261	-1.1002655403713	-1.70152068488286	0.788650662820949
ancient_incomplete	0.723118	0.531259609352442	-6.08347666243416	1.32504594264739	-0.487817959140582	-0.228868732943934
ancient_incomplete	3.68920741666667	1.45081475314189	-9.93404111905595	-1.67846743746814	-3.02352237688351	4.29151179963786
ancient_incomplete	2.29266304166667	1.36050288996941	-7.59289947800467	-1.04435610730264	-1.1362575364367	1.14239865294623
ancient_incomplete	0.581542875	1.47925010500092	-13.2130178107396	-0.82015281565554	-0.951554994518719	1.81213106050856
ancient_incomplete	1.15690395833333	1.94029012071305	-18.8308886376852	-1.30072071035977	-0.346897076084626	2.90258618236766
ancient_incomplete	0.558817869565217	1.36267798462083	-35.7175674813644	-0.762866796208043	1.32485544065677	2.03251639040638
ancient_incomplete	6.89773575	1.2453624911091	-21.099537435189	-2.41872784166393	-2.22416086652973	3.60279905859311
ancient_incomplete	1.879315875	0.711077865830147	-19.2052907355549	-2.06394487764701	0.166787274008522	3.52092355470522
ancient_incomplete	1.931584125	1.08405426903708	-8.41670738252344	-0.234334501496704	-1.36950767984951	1.70845878730905
ancient_incomplete	0.69640725	1.73979378357214	-22.2871068185068	-2.11517920169349	-1.88458396294814	2.80110938664318
ancient_incomplete	0.370329208333333	1.23166390618564	-30.1264384337317	-1.74689226901818	-0.509690000313593	2.26828186637687
ancient_incomplete	2.075716125	1.38356700351244	-14.2494355517742	-2.231621452813	-3.01941045669093	2.12819908432506
ancient_incomplete	0.81761725	1.36337158759877	-8.74469213136955	-0.952097483318368	-1.14596448291175	1.36196099647474
ancient_incomplete	2.22354969565217	1.12995070254358	-50.9434639548508	-2.48182944402681	-4.76510403252697	2.89469597392704
ancient_incomplete	2.40893416666667	0.911375503614711	-3.85444789677588	-1.56384043634032	-3.01979217268672	1.83483367178621
ancient_incomplete	0.856712833333333	0.773519544334226	-0.602610553249979	1.23354665784425	-0.34312115805192	0.971401870131456
ancient_incomplete	2.02871165217391	1.3016233220253	-35.7608074930517	-1.56694766672665	-1.93814238730283	2.03802500098281
ancient_incomplete	1.30040475	1.29741991360189	-31.8244942052087	-2.28704601840552	-1.10433348159057	4.10443604288494
ancient_incomplete	0.623676625	1.84861516410962	-29.1289344625434	-0.362048584471821	-0.608266586470543	1.95414015879402
ancient_incomplete	0.398459541666667	1.84151515244835	-6.62196822153207	-0.873696306445897	-2.50697356126717	2.12267256796574
ancient_incomplete	0.489743375	0.883781126498892	-48.2744513850276	-1.65544075797381	0.844529387377976	3.05307402407285
ancient_incomplete	2.237875875	0.890971343698938	-5.28280058487868	-1.26420084554056	-3.49403796586978	2.073232700945
ancient_incomplete	0.757035	1.61383635519062	-23.9855204690013	-1.63217337668279	-1.18512283649248	3.27166022567737
ancient_incomplete	2.43252933333333	2.36441634861809	-38.8203471951679	-2.1582657161259	-0.87258463913025	2.72942124922316
ancient_incomplete	0.692171391304348	1.05532052837229	-20.9339367218393	-0.758943098100613	-2.80933644057157	2.09155303740087
ancient_incomplete	0.450298458333333	1.12304737878641	-7.36058878974348	-1.55717603561008	-2.95441436421113	2.26486815427944
ancient_incomplete	9.79671758333333	1.18167163074684	-9.86142911445081	-0.938812984644492	-1.78276018626287	1.81238067237601
ancient_incomplete	0.50198775	1.7291779199953	-23.5624285456976	-1.6505140786543	-1.45152175419875	2.74497045753293
ancient_incomplete	2.59868879166667	1.04667670859298	-13.8249913479913	-1.18985895349285	-0.950890943369804	1.64870431492271
ancient_incomplete	32.263141875	3.90601167660421	-46.6778980124079	-2.66363156159527	-8.42151281251202	3.96994223033114
ancient_incomplete	1.30997716666667	1.30214324221879	-24.2784547071799	-1.79671364593728	-3.75239426728238	2.25983311206744
ancient_incomplete	2.79762243478261	1.48938232735718	-7.26786337088219	-2.18023367285049	-3.46699318296428	3.1256031100329
ancient_incomplete	0.784013916666667	0.645262852445846	-10.3905723243232	-0.0959767835842995	0.690497527342944	1.10164933614002
ancient_incomplete	7.09797729166667	1.98412966584737	-48.7632788346243	-2.0928613072656	-0.62980933267632	3.10987423712174
ancient_incomplete	0.481557869565217	1.4552811625066	-21.1376062205625	-0.319364155347647	0.583807980053855	1.99222364987481
ancient_incomplete	1.11596383333333	1.06515156710571	-10.697906789837	-0.846939756629179	-0.414551807258674	1.58502588383572
ancient_incomplete	1.48651245833333	2.17041508107769	-18.9838000039586	-1.94315400784548	-1.17207252815567	2.83236642202334
ancient_incomplete	4.28998270833333	0.843173578905716	-20.522181793979	-2.26352987025754	-1.28715591977452	2.86041807004526
ancient_incomplete	0.535691125	1.46471945781383	-37.4827707553283	-0.691133386390411	0.0705660717688049	2.34235678535684
ancient_incomplete	1.45465558333333	1.21899114052338	-22.3372681671635	-1.38419562194447	-2.45805188978754	2.01666601574834
ancient_incomplete	1.15553245833333	1.44895816004597	-27.8950622478273	-0.896966185316445	0.232277709784884	2.48562017045925
ancient_incomplete	1.29441670833333	1.73240263882127	-10.0218984630256	-1.41186518012153	-2.46856375342594	3.47481852681745
ancient_incomplete	4.46482530434783	2.42814024979231	-34.8198697347237	-1.78345000575606	-0.353548397230655	3.02547509036505
ancient_incomplete	0.572024833333333	1.62686691887561	-10.4879519838663	-0.50254333640941	-1.55520905669131	1.66537157795877
ancient_incomplete	0.892515125	1.51450209025312	-12.0384268407184	-1.73701877592196	-1.90893415929104	2.39349709991795
ancient_incomplete	2.92153304166667	2.03229348153199	-40.2510470389929	-1.92463112578581	-1.04321943434757	3.58066867089324
ancient_incomplete	6.62045983333333	1.4349621823783	-20.5312564848709	-1.34582215438958	-1.90910133720377	1.30867230497699
ancient_incomplete	1.34884020833333	1.90851753128862	-10.1088061509999	-1.72490887528233	-1.23240279572874	1.99057275315516
ancient_incomplete	0.310452541666667	1.43355324440606	-8.159519687552	-1.27326080552822	-2.42255380033984	1.00709806344394
ancient_incomplete	0.506323791666667	1.63459068932736	-4.8181393969165	0.101629095230275	-0.619699488957992	2.32027178325316
ancient_incomplete	0.368519541666667	1.18838648546843	-46.7073740603535	-2.46386112075658	-1.20690777647733	2.87632416066967
ancient_incomplete	1.79903495833333	0.857229300053186	-29.8990206654914	-1.08061792585003	-1.03180954287549	2.53249878512597
ancient_incomplete	6.37376508333333	1.35399765216782	-17.7356868816392	-2.30798912327596	-2.30866002603023	2.83468897878107
ancient_incomplete	2.62006329166667	1.14399980271853	-0.546606446177976	-1.83871492519152	-3.04157366431136	2.25933848336695
ancient_incomplete	0.720849875	1.88621378105835	-16.3553876996943	-1.02232252436771	-2.40163447645722	2.30100986681117
ancient_incomplete	1.30150908333333	0.823960349839138	-16.3491025078324	-0.677629680577997	0.349747953131026	0.064998323442011
ancient_incomplete	0.397120791666667	0.631349580802848	-39.2492863448503	-1.81844641409748	0.0922169846127263	2.3810960383511
ancient_incomplete	0.755000625	1.44392591459209	-7.86199110178972	-0.42696952420307	-2.67117630595118	1.20933177912388
ancient_incomplete	1.17311945833333	1.27039586114273	-19.1965792148959	-1.53781541231075	-1.8505855791539	2.85050176505018
ancient_incomplete	1.94871713043478	2.04644866161569	-42.2540499884953	-2.49950128726602	-3.45879403040093	2.67870282468596
ancient_incomplete	0.734281541666667	0.995510975132791	-7.76064833516095	-1.64447420689069	-1.59066858442256	1.61935402120974
ancient_incomplete	7.665560625	1.19281836256871	-6.28966231806523	-2.22341447325683	-1.56205984612943	1.504904132052
ancient_incomplete	1.21043916666667	1.40824634426818	-22.572955302998	-2.13445079564066	-5.74407054100004	3.33924351707999
ancient_incomplete	2.14666604166667	2.45229645490257	-36.0182588742469	-1.68931759908453	-0.857018155604162	3.90521622996221
recent_incomplete	2.762012375	1.67583407270653	-31.38895137057	-2.20821455251716	-1.0971030080387	9.12075411719297
recent_incomplete	0.909000458333333	1.74523154947388	-24.6723086875572	-1.53543250618137	-0.9961907438192	4.35106898377651
recent_incomplete	1.32440933333333	2.77576519145293	-32.2660434007272	-0.851644687235631	0.939700842979989	5.05527941256022
recent_incomplete	0.448739916666667	1.99927788818983	-20.9068221501645	-1.80842317474048	-1.29331100072519	3.91891822617413
recent_incomplete	0.5311285	2.08773643735568	-27.4826711289547	-1.11157237266061	-0.276675437951373	5.65819752221941
recent_incomplete	1.92808004347826	2.27207603056697	-18.5580430069337	-2.3169433344048	-2.51060016177535	10.2241740633455
recent_incomplete	2.08079817391304	3.10283076855309	-51.3565711884587	-1.53431842338244	-2.62901571993369	7.79812825545187
recent_incomplete	0.578707833333333	1.524839568998	-39.283118462479	-2.53320950793399	-1.64543789745458	9.35906252625274
recent_incomplete	2.22486404166667	1.80188337263135	-16.8836956501818	-1.28434797722711	-0.90715108326905	3.76438429090914
recent_incomplete	2.67195420833333	2.06765704715829	-12.0170653192506	-1.68906821937125	-1.9380739763014	5.67807603651236
recent_incomplete	0.903852041666667	2.41848822082738	-46.9127393557367	-0.823922985105328	0.238296382457696	8.14360173851106
recent_incomplete	0.622418125	2.68782041651039	-29.3893291805495	-2.3357880538727	-4.4805491573851	10.3343529790867
recent_incomplete	1.282238875	2.20074961885354	-16.4053503702883	-1.3111963647518	-2.67967952798822	6.0184228304154
recent_incomplete	0.540641166666667	1.76172580212416	-30.9563522337385	-1.33292388756651	-0.837277850616047	5.31820575770341
recent_incomplete	5.23753233333333	2.45161417479406	-12.260872200041	-1.73026835116563	-2.88626188693002	8.25126372963179
recent_incomplete	0.940521	2.09814120414327	-20.4931431518148	-1.03967239377466	0.302959317617392	4.57239543094692
recent_incomplete	0.0587905833333333	2.3371125991041	-31.5354680244217	-1.70113959804254	-1.22121596514931	7.51435710303675
recent_incomplete	3.89210291666667	1.73691822117734	-45.5112425359016	-2.09866009604364	-0.0546118895053622	5.52147802444012
recent_incomplete	4.743430375	3.28146471929969	-37.6046543349373	-1.90265719021537	-1.54549389296864	5.91118977583946
recent_incomplete	1.77375758333333	1.57629281065095	-13.3109642281755	-2.16778746438682	-3.51479986214766	4.5954030762428
recent_incomplete	0.709802416666667	2.27814396837143	-23.0758889532294	-2.08993209952569	-2.43342152673816	8.45383716044254
recent_incomplete	0.31871525	2.69980249644248	-28.4702301615598	-2.12147055573173	-0.600263798994341	11.3833878921275
recent_incomplete	5.29444304166667	2.26027782006995	-15.9382177755764	-2.14227272844253	-1.17442452374531	11.3220777128153
recent_incomplete	2.23709579166667	2.79461569624224	-10.7768684995961	-0.94322016573913	-4.67866459236166	6.92065133858776
recent_incomplete	0.678557458333333	1.854948187585	-30.6636964249003	-2.21255749652023	-1.94001470996423	8.94042845094209
recent_incomplete	0.628378625	1.99371942594393	-12.5033416253112	-0.91678007768339	-0.823336298589392	4.49293993653766
recent_incomplete	0.8599645	1.936174970918	-38.5571675779746	-1.16340629731898	-0.250019862099243	7.25217007073246
recent_incomplete	1.46482195833333	1.84876585453168	-15.4067326923865	-1.93031707076753	-0.87258463913025	6.97138358368991
recent_incomplete	0.286734208333333	2.67181323326345	-15.929864491935	-1.44253308382376	-1.28625621534058	5.22406129468937
recent_incomplete	5.33428816666667	2.54780980433928	-24.5670529984105	-2.10532309596058	-2.70961185082983	9.42062056433914
recent_incomplete	2.324678	1.89306830255128	-6.85515382603328	-0.82066258457606	0.335889751657427	5.36656600624537
recent_incomplete	0.798426333333333	1.30907725303733	-13.2096464283279	-0.642423342847012	-0.027609771166697	1.58660617978103
recent_incomplete	0.696943291666667	2.02670872217482	-20.60187973737	-1.21698225234324	-2.26088094255254	4.84826113133694
recent_incomplete	2.36109426086957	2.75944483097143	-21.6348466865457	-1.55133736135076	-0.302322762038031	7.21892067035042
recent_incomplete	0.747742826086957	2.31994415097982	-32.6402465856512	-1.37891673512273	-0.517406837495133	6.64031627546715
recent_incomplete	1.54312583333333	2.31332201547884	-23.4167172792247	-1.65690167691259	-1.40348437221282	5.901567612201
recent_incomplete	0.382605708333333	1.59142531390192	-13.4355128286313	0.00546166928923432	-1.1137139832947	2.82819444205332
recent_incomplete	0.613881291666667	2.92906161642803	-24.9375565666261	-1.30689859251088	-1.93814238730283	7.59504362175914
recent_incomplete	5.300994	2.27507318912153	-20.3182337541857	-2.29306385969266	-1.73761986633523	10.955668702863
recent_incomplete	28.1552474583333	3.45883974773055	-25.7294017890522	-1.904779406335	-1.74512233989962	7.05659794453014
recent_incomplete	1.31081991666667	2.64130913656825	-27.9617326489756	-1.69844660744078	-3.00795564964061	10.4982504104795
recent_incomplete	1.28817534782609	2.54367258028184	-24.3138981118036	-1.22246671054895	-1.58363632837338	5.71350816834057
recent_incomplete	0.264423208333333	2.62443679356134	-32.9683258868571	-1.70875713061078	-1.57694948733277	9.06184345696378
recent_incomplete	3.64692779166667	2.16907601479744	-32.5075432118079	-1.98209439121571	-0.217811168332895	7.20639927029852
recent_incomplete	9.40666875	3.14963929963916	-18.9999900369534	-2.27608531701179	-2.50251632226763	6.5937110077034
recent_incomplete	2.88465952173913	2.07453674909705	-33.6514345600051	-1.35989027139584	-0.273696562291428	5.76109982863199
recent_incomplete	0.415111347826087	3.01006212701887	-41.1987471037126	-1.32559860941218	-0.214149972170001	6.86032474514375
recent_incomplete	1.35868458333333	2.17895261943451	-38.098195209585	-1.41468654473511	-0.364121436773706	8.34297794227061
recent_incomplete	1.45081454166667	1.82514597082797	-11.2329769142703	-1.92366671689193	-1.02999485235663	6.01496085554532
recent_incomplete	1.04923933333333	2.65756645730936	-33.463398350049	-2.19461439271353	-4.79322986175867	7.94019187246192
recent_incomplete	4.58969670833333	2.11186285692399	-19.4283725497457	-1.98540922430134	-1.46951194977977	6.897549171956
recent_incomplete	0.803575541666667	3.10756431134751	-9.39537074216799	-1.6965440390749	-3.80528844547287	6.322344688151
recent_incomplete	1.90385591666667	1.89759701175381	-46.9385313800744	-2.11817274127159	-0.626838097708981	9.18759646949622
recent_incomplete	0.501862375	2.34839781565146	-19.4803243035741	-1.84833331594491	-2.34873494132883	7.5994314873799
recent_incomplete	1.27237479166667	1.69365726881858	-21.5683358593342	0.781482565687847	0.546450777529472	4.87531793026055
recent_incomplete	6.42783445833333	2.42092254731609	-42.2944660310742	-2.01411905354892	-3.77488400985229	10.7264020379891
recent_incomplete	0.329250608695652	4.25924052804156	-39.9270054779155	-0.754272889702121	0.214850102686609	9.78070533358819
recent_incomplete	0.553654458333333	1.95802330774902	-10.4725375648521	-1.45282293295103	-1.96904037609414	2.50524534726689
recent_incomplete	0.50593275	2.37442795375772	-22.917766611175	-0.879687239539063	-0.879431431881976	7.21206995659069
recent_incomplete	4.44075183333333	2.77238857459788	-30.9754064584233	-2.35776859144493	-1.12101131176694	6.12111631838929
recent_incomplete	0.777995833333333	2.78920599471947	-20.2592013820061	-1.60951390167949	-1.72952694352726	9.57770675245336
recent_incomplete	2.27931583333333	1.7151652258732	-20.7180148634436	-1.21613034339154	-1.14325561637797	4.16653418340882
recent_incomplete	0.442953041666667	2.27272855282798	-30.8660136803406	-1.86568606651707	-1.44945039752465	8.23066593635962
recent_incomplete	0.567413916666667	1.67072970324696	-14.3335291789996	-1.62801863765626	-0.287516596905287	6.20388185166894
recent_incomplete	0.182942916666667	1.64814868137507	-39.360250602133	-1.89054987542692	-1.17004882645255	4.27340836013526
recent_incomplete	0.665871086956522	2.89891324319859	-28.0044155745366	-1.56505927761852	-2.43147349103694	6.22336585575707
recent_incomplete	4.675422125	2.10821166260643	-22.3302669197415	-1.44203840816533	-1.01454534187991	5.74231801003045
recent_incomplete	0.72150325	2.46017202564964	-14.8505794099076	-1.78795870833548	-2.53943630619994	7.11339764410225
recent_incomplete	3.26912829166667	1.78146864933865	-22.1546466757899	-1.95914631847079	-0.382660603023634	6.74529578370303
recent_incomplete	3.42472916666667	2.517177003772	-27.3441203288767	-2.02483612693758	-2.85982170639551	11.3382391255333
recent_incomplete	1.42536825	1.19808302679924	-10.6169857424589	-0.471487807527711	-0.703020352087871	0.969950174985787
recent_incomplete	0.253121375	1.61754680293707	-14.4854507795016	-2.01316766968814	-2.67402094584456	8.00944914727493
recent_incomplete	0.533943791666667	2.54546085431736	-35.1200140463509	-1.99123468210191	-3.28172722146575	10.9322995539052
recent_incomplete	5.306543375	2.17641171185534	-6.18065736681893	-1.92324832240909	-3.62509543883519	9.13643654853573
recent_incomplete	4.82573791304348	2.85257675721768	-29.5695689702055	-2.38658051032089	-2.5395308403918	9.19460901857183
recent_incomplete	0.353942833333333	2.376337327645	-12.280324221187	-1.78895200965546	-2.5882643621105	7.52068901255237
recent_incomplete	0.564939541666667	2.57569338170835	-15.3662373595877	-1.72480607120186	-2.43342152673816	10.0720450426459
recent_incomplete	0.302147875	1.91572663372159	-20.0003978720762	-1.42703349400089	0.0135107695550744	5.03468742063291
recent_incomplete	1.02836591666667	1.49083880522369	-9.10395311718622	-1.77559103530822	-2.43229001836169	5.1428443127999
recent_incomplete	0.387154333333333	2.44301479837757	-24.4065439130453	-1.5416340502738	-2.86856121311125	8.32308332531107
recent_incomplete	0.539075333333333	3.02139330641468	-16.7429168219717	-0.430385648973354	0.390780718761232	7.71646765962227
recent_incomplete	1.64200656521739	3.45434153718062	-26.2273184832811	-1.95518603049284	-1.85605707689172	8.77827230026863
recent_incomplete	0.767250125	1.94491478671313	-24.9680124775437	-1.89629053046804	-2.69314151864471	6.65098196687323
recent_incomplete	0.870670833333333	1.95391523799965	-25.598448790788	-2.14334972409541	-3.85003469484347	7.85388145133202
recent_incomplete	2.15374847826087	1.7796960746786	-16.8790811882605	-2.16747406193105	-2.35812181883396	10.6502776326017
recent_incomplete	0.374512541666667	3.11460945349318	-80.3337876367615	-1.79372020969262	-0.468488117718735	9.92804875401736
recent_incomplete	7.9466435	1.74429405553572	-9.01802994071307	-1.64509574952942	-3.15639477538197	7.66532350000747
recent_incomplete	0.874234916666667	3.47493184700923	-17.2672072051752	-0.948558975569907	0.192325110216503	5.1573924640517
recent_incomplete	1.01812234782609	2.35003976854927	-78.1561932855722	-2.24004315009614	-0.144109540736788	7.76508373976712
recent_incomplete	0.747637958333333	1.99603862824245	-19.4633783569723	-1.87421765278695	-1.53716575636905	5.88502045614494
recent_incomplete	2.44506616666667	2.61981375365211	-23.1618916781939	-1.07404006231488	-2.27610532588512	6.65853380430476
recent_incomplete	0.652099458333333	2.10073758913322	-17.6716822229802	-0.996716444411635	-2.88626188693002	9.262235523879
recent_incomplete	2.51627604166667	1.86543745495137	-28.0291184047326	-1.83102654478625	-1.37707587329921	5.99974244646914
recent_incomplete	0.420759083333333	1.86485823088215	-21.6999651933472	-1.7474662867416	-0.446820156856988	6.0771063271146
recent_incomplete	0.575678541666667	1.34188495086318	-24.5180450775427	-1.50169357668621	-0.0573531510698284	8.34274794774079
recent_incomplete	0.216822	1.7808718911835	-12.7331708960258	-0.907162789274475	0.941953386992624	5.03609140010492
recent_incomplete	1.19894679166667	2.58069019033348	-28.229864148471	-1.16006845999574	-0.935803426470518	5.54476508090114
recent_incomplete	0.724666826086957	2.86832853426422	-56.0693753132616	-1.50182629784638	0.472712930668077	10.7963306678728
recent_incomplete	0.975367208333333	2.12202817739282	-32.0832183157198	-1.42523145520832	-0.987764623425256	6.53989805066164
recent_incomplete	0.433059458333333	2.76866990700271	-22.9474765077352	-0.656697448333485	-0.528621043618261	6.88842363884512
